9.348387069833264951e-01 -7.293336716235646056e-02 3.937895923494225126e-02 2.495060766654578696e-02 2.058866342534147742e-02 1.747108584643516233e-02 3.808910979782408751e-02 5.147399627134628675e-02 -1.443716155400813148e-02 -1.787287619298676411e-01 6.699707244252191274e-02 1.263660298586886110e-01 1.174831679885179198e-02 2.274146926213856459e-02 6.178655862108165669e-02 5.163869592330502106e-03 -6.766914546951899312e-02 -4.689683795767986968e-02 4.450396443912032346e-02 4.531336584216182073e-02 1.162704510689027554e-01 3.346468781567094042e-02 -1.740149293302530042e-02 -4.946714253113394452e-04 -3.159399782160964010e-02 4.858410367114884137e-02 5.040775956158976417e-02 5.486827188849949244e-02 1.442321373708829908e-02 2.293266312543054339e-02 -9.772050302539500577e-02 1.579872420470260774e-01 -1.305472383167925049e-02 2.096798047560424483e-01 2.762610127237819652e-02 -4.554281910345552298e-01 2.668947346560635731e-02 2.774482288839645316e-01 -2.220918568007867328e-02 -7.753904072180202618e-03 1.449063806066828650e-02 5.073919735637516526e-02 4.871059256163482593e-02 -7.957812510017368834e-02 -4.697178879199881071e-04 -5.405036568428569360e-02 2.114111158564417267e-02 1.262919418701448707e-02 -2.988295347327219256e-03 -3.987013396006319765e-02 -2.413166333852975395e-02 3.265387369710966853e-02 6.079597557913365979e-02 2.220987148074783646e-01 3.280088822200206977e-02 -4.797056546512142722e-02 -3.771465981936425460e-01 7.664875140528523700e-02 -9.113036591027880856e-03 -5.189765467220162562e-03 -1.569624309915140792e-02 7.785779544420461454e-05 -2.628403231771713616e-02 1.589176440373800403e-02 -4.269918280676083221e-03 1.769262826516605075e-02 1.180673351010018413e-02 7.659849612571223605e-03 3.058747922537888297e-02 5.353620236093135400e-03 -1.643339297553247187e-03 -1.107969595000751761e-02 9.990434641997943815e-03 -3.707129448331371140e-04 -7.798788412532509963e-04 1.716274610677900880e-02 -1.259093596518492085e-02 2.313597292053846521e-03 -2.639310182667984651e-03 -5.068310302850286865e-03 -1.041344514810655340e-02 1.746611742885804258e-02 -6.907550040238090786e-03 -1.363202422806393185e-03 -2.953806015466475983e-03 2.282222226130872431e-02 -8.441541048475866005e-03 -2.956602878109482711e-03 -7.249217294289638305e-03 -3.903238883555872757e-02 -7.121387278323896772e-03 3.489979068492164022e-03 -3.324296334871400596e-03 7.822065881790058513e-04 1.647338440757667791e-02 8.270294253717329347e-03 1.224378495199876689e-02 5.734308100556125519e-03 3.269788790021523929e-03 -1.861421591663942748e-02 -3.758603422438003966e-03 5.992557871981992607e-03 4.543424419582133694e-03 -1.449641639742084605e-02 8.872043908438071325e-04 -5.326643787386137890e-04
-7.293336716235646056e-02 1.002032835099319064e+00 2.761594443811676847e-02 -9.396124230027520091e-04 -6.143058160421750388e-03 -1.566798363282107670e-02 -8.822250669993175753e-03 -1.178400840956913935e-03 -4.362994704303253010e-04 4.258460309197199117e-02 -2.265194754311823308e-02 -3.882159310188457862e-02 -9.877894587900762705e-03 -3.584984942202622173e-03 -5.130366385126664854e-03 1.120457036156335615e-02 1.040502529073033741e-02 5.702128132777054860e-03 3.776398804640895834e-02 3.817043408090711742e-02 -2.638890608327659586e-03 1.253001050892597716e-02 7.131372132438308989e-03 -1.442469191996952407e-02 -4.238164670604629113e-03 -2.680639836525407389e-03 8.547759075170670295e-05 -1.942506109844064147e-02 1.779727618485731078e-02 -5.594007313204039759e-03 -1.050427019089889176e-02 -1.394547393971534710e-02 5.043181815349725115e-04 -2.217960338894239825e-02 5.342449640669448899e-03 3.099511935726416770e-02 3.021676404847218125e-02 -2.665232715888389559e-02 4.278617863117218506e-03 1.659466536527388989e-03 1.000628341200853616e-02 -1.502822082619677951e-02 -2.987970378641319202e-02 2.849150618142554103e-02 1.098976273694922054e-02 -3.203269763417332296e-03 9.050119192105113633e-03 -1.370977332964741675e-02 1.687746859514264314e-02 2.811602693016361162e-03 1.148163800077712420e-03 -1.696572790347276915e-03 -5.148594281787159839e-03 -1.792753596592239901e-02 3.713055113404231580e-03 2.320278478459409863e-02 1.063649954943021725e-02 7.410525709577443082e-03 -1.389237608197419101e-02 -6.462910977523431133e-02 -5.203235459088426107e-02 1.181454515616186668e-01 4.130019181952407532e-03 -5.631279791890029390e-02 7.590754568472775701e-04 -5.798786147920902308e-03 -4.128004795979084082e-03 1.490077935348093491e-02 3.167257444306278980e-02 1.500937575950249772e-04 -2.094109821962254585e-03 3.523200273023669588e-02 -6.337673411880816177e-03 -7.609912172236990222e-04 -1.712260364906087722e-03 -1.465187385362477085e-02 3.601986159531522791e-02 5.938172548116151667e-03 -1.158343735170098976e-02 1.243307442893958580e-02 7.234662023588165486e-03 4.430069723693697763e-04 -1.110574507234495314e-02 -2.186061026108166837e-03 -1.316069074413511904e-02 -3.835539682594930888e-03 1.089517500503177534e-02 2.837387365476565920e-05 1.840207451921068230e-03 1.348461683201978289e-01 3.389263852080680317e-02 3.754422436858090382e-03 2.459408571807970498e-02 -1.509708410733323451e-02 -2.340454826273517981e-03 -9.742371750924277291e-03 8.147462681602846493e-03 -3.108391651291615536e-03 -1.299515381455596842e-02 -5.440031721169482325e-03 -1.136673724350300381e-03 7.744065348154103266e-03 -7.531904745677035773e-02 -1.237390058303082692e-02 4.086302715370656799e-03 2.890652113497696549e-03
3.937895923494225126e-02 2.761594443811676847e-02 9.532000830410101155e-01 5.835348208769772053e-04 1.148497993135153515e-02 1.805871368580663494e-01 -1.195865738127086138e-02 -4.548747728994866069e-02 -2.969663171604902153e-04 -1.714585700600284798e-02 5.278872816897120512e-02 1.003485192878609267e-01 -2.454100655009188239e-02 -1.191189295300979899e-03 -4.648111160343678522e-02 2.158387206857219007e-02 3.536361077628606686e-03 9.457538338381430224e-03 1.741652299348451713e-02 2.688945201912321809e-02 3.836199671232384811e-02 2.312426700693552897e-02 -2.562773683396326121e-02 -1.887118894627676929e-02 -9.313933848274242450e-03 2.775384754849686327e-03 4.152601777045317882e-02 -2.626425840613999529e-02 6.401266724756703511e-03 1.412622516774438008e-02 -5.174986457674558143e-02 -2.025460302088098463e-01 -1.615065923507024576e-02 3.371370339789207526e-01 -2.968051746065223512e-02 -1.027723079129686384e-01 -9.164975633895712515e-02 -1.758292143024449139e-01 -2.449551325044097838e-01 1.124391223759228786e-02 2.263074937297256950e-01 -5.828401751044838715e-03 1.126623037876703648e-01 1.125288036343795317e-01 4.837962988788252483e-02 -1.245138591528408278e-01 -7.700938755482925058e-02 -6.870696328067124603e-02 6.149332197889652296e-02 -2.126948915602392548e-02 -2.037354272895887386e-02 1.368683213778306151e-01 -4.642159060885116262e-02 4.955353299442354920e-01 -1.290662539976805689e-01 -1.986729824567031941e-02 -5.282836818598998785e-02 -2.925259262808436733e-01 -3.493173012036789316e-01 -2.088674588582640525e-03 -2.586878683308682127e-03 -9.568131256353171188e-02 -8.309333335451817709e-03 8.403158749070523126e-02 4.964507397706156150e-03 -2.713034145054343121e-03 4.880794127877558300e-03 -4.623014031720130805e-03 -1.140817513740353950e-02 -1.169422822017709973e-02 2.347461664101097370e-03 4.642684736722032558e-03 -8.587383498976822183e-03 -5.519486368307858701e-03 -2.075451728776789642e-02 1.139368207997353173e-02 3.879320186821526902e-03 -6.325188569296314768e-03 -9.799768084303071836e-03 -3.460731684837914553e-03 1.216835876465661645e-03 -4.421639739816675581e-03 2.144977946352855450e-02 1.244431022787419877e-02 9.413507145104770208e-04 4.970955268981726641e-03 -1.775764214778682848e-02 -2.732350434296115273e-03 -3.423087951825251433e-03 4.499877858353557025e-02 1.288340194963611025e-03 -4.479386260780719199e-03 -6.506747813496072813e-03 -9.077578904897215528e-03 5.109190299992093232e-03 5.611619712631302909e-03 -1.264411027243492885e-02 -6.392078059575474584e-03 -3.531866899043026482e-03 -3.600441046866503098e-04 -8.234649878675469326e-03 -8.860575801028882856e-03 -1.401751650497611544e-02 -2.206956759516433622e-03 7.521184675172024395e-03 1.355564298424698222e-02
2.495060766654578696e-02 -9.396124230027520091e-04 5.835348208769772053e-04 9.233227527647041022e-01 -6.342851244342712080e-02 2.743940357294172294e-02 -1.839008295581251104e-02 -1.431811881679073521e-02 -2.411398085525292613e-04 -2.174977164265174193e-02 6.860772931770453553e-02 2.424517044579995242e-02 -1.331579735328083762e-02 1.109244502155784951e-03 6.053512410542199454e-04 4.781684514965575954e-04 -3.238798244572013447e-03 -2.310642086072936009e-03 -1.569704787108360151e-03 -1.771066373524755790e-03 -3.381086949811811394e-03 5.776615764119859969e-04 -1.105435292537239496e-02 -1.184615179635408605e-02 9.399468701397446432e-04 2.868239018932492584e-02 -1.917591346732605909e-02 7.462420367441165159e-03 4.289787858370165512e-03 1.444865738639108665e-01 -2.229166738142734916e-02 1.153276248953802666e-02 -3.985164988739682383e-03 -1.475839836137005090e-02 3.956617419567994877e-03 3.865179684229861842e-03 4.406333944533074275e-03 2.773733975830335388e-03 -9.101642644423438289e-03 -2.756598739187703963e-04 -2.083136639926972886e-02 1.208964469109177417e-02 -1.606487696882261292e-04 -3.428266561787551934e-03 -1.032506639991708636e-02 -5.193479401956335381e-03 1.121902101860706644e-03 4.661103269611637651e-02 -1.591735777176389241e-02 6.532665055558116267e-03 -1.371082297988008084e-02 -1.229098143087219500e-02 5.895196717694325527e-04 -1.087565780600878440e-02 1.687734772138068176e-02 4.904310614459361697e-04 -3.411984777637221394e-03 3.873439828955465691e-03 -9.762947389721048086e-03 4.842342017663912456e-04 8.889396639757176852e-03 -5.052641727346498862e-04 6.038141581099398976e-03 -5.651921362838312202e-03 -3.887552719065342490e-04 1.675753568096145741e-03 -4.765064848851224832e-03 -1.307874480569941691e-04 -6.165663667860953219e-03 8.278840617916571193e-03 -6.238613190715617835e-04 9.581292461123275131e-04 -4.179048256360286609e-03 -5.036447150525488227e-03 -5.002323108849095895e-03 3.084568332743173064e-04 -1.496222507791285271e-04 -2.510621016154602602e-03 -1.524961536297138613e-04 -1.248870164353183638e-03 -4.040708367756599972e-03 -1.436574797020185017e-05 1.744726571118726879e-02 7.128600064405621155e-04 -2.468072583537313930e-03 -5.347701987860721887e-03 -7.287815944121154091e-04 4.999008439413882982e-03 -7.147040519959561855e-04 5.231574141362540500e-04 -1.371899876544147587e-03 -3.816577203086587836e-04 -9.102774113558335370e-04 -2.522955270206504643e-03 -1.327053060314591993e-03 -2.037853385144867448e-03 -1.953491245379873880e-03 -1.747067779336970760e-03 8.001421205972527109e-03 -8.367153581311828972e-03 -1.761104025776686222e-03 -2.003088160994878977e-03 -2.821588280028012371e-03 1.207558391318217482e-03 -3.346371140747647372e-03 1.136905650957923709e-02
2.058866342534147742e-02 -6.143058160421750388e-03 1.148497993135153515e-02 -6.342851244342712080e-02 9.648534193271163240e-01 1.834366915426644679e-02 -5.223069655056322008e-04 8.195041230764336590e-03 -1.568540758463283710e-03 -1.114418639870503810e-02 9.393205768542477879e-03 1.173904431273476573e-02 -2.054444114460219836e-03 -2.598042930829258784e-03 -5.126093533377992784e-03 -1.493794919466256716e-03 -4.967885586211084892e-03 -7.640025923616395112e-03 -6.606553314300135432e-04 2.915269818527825661e-03 2.628951878065054724e-03 -1.056319609912347371e-02 5.698627772120820785e-03 -1.021523406425062577e-02 6.136475656407852294e-03 2.479571249950739825e-02 -9.254843852958329412e-03 1.922284980387777703e-02 1.740584002285119241e-03 2.542852283835575489e-02 -1.103670048261329306e-02 -2.850234142835592847e-03 -6.658031492741880303e-03 1.280517823878377266e-02 -5.806483106895551742e-03 -1.177519152854404096e-02 -2.583434259439425576e-03 8.185226410502309535e-03 -6.801328396490968244e-03 -1.793083233788173286e-03 4.874419705750823728e-03 1.488423992034612273e-02 -3.589609561142967711e-03 -7.452890102185332453e-03 -6.266192729811187467e-03 -1.701613046761293532e-02 -4.813829350172106961e-03 1.719639308032314129e-02 -6.107440155443657516e-03 4.248023529676547491e-03 1.740749999890340866e-03 -2.422524689874578589e-03 -5.213907988045809495e-03 1.431904804709774326e-02 1.169604259229169510e-02 -2.784160600618685796e-03 -1.648356795781991818e-02 -1.850915078354799237e-02 -8.380637588131789606e-05 -7.960216392059238366e-03 1.372418254143365672e-04 -7.344258259500882798e-03 5.846157838288162240e-05 8.267772927477547509e-03 7.051525916390901857e-03 6.507651704912946304e-03 9.340472221177217871e-03 -2.732919805993249459e-03 -2.359908396187729730e-03 -3.322907941749391955e-03 -4.942055466925566673e-03 -4.197093854277711769e-03 -4.784932474498143455e-03 -8.953137434806631573e-03 -1.975634825190213887e-03 1.599601129156469348e-02 -3.294841705563247760e-03 1.196080641515306561e-03 4.027122330901594660e-02 4.942884954890258697e-03 1.320417653635754408e-03 3.474297447636199698e-03 2.813556379516963038e-03 3.003907836791047149e-03 9.640009733673368317e-05 -8.580211932860345309e-03 -9.395619643740006632e-03 -4.445191985372885964e-03 -3.848320324026262979e-03 -1.141072138207039829e-02 4.033334884895764701e-03 -2.482566829922156892e-03 7.699093259901936513e-04 -7.608651341653312975e-04 -4.568983769337994771e-03 -5.263781619611362581e-03 -1.351188949913865577e-03 -3.854836581251643544e-03 3.783881473004262717e-03 7.156992532978166850e-03 -3.116491796364260873e-03 1.098387368430914571e-02 3.019792090810779778e-03 -4.374488817536221173e-03 -5.587484055565451746e-03 9.669880153802094813e-03
1.747108584643516233e-02 -1.566798363282107670e-02 1.805871368580663494e-01 2.743940357294172294e-02 1.834366915426644679e-02 9.390261996241274778e-01 8.919621531082444488e-05 2.725293366392154623e-03 -1.353030441385338553e-02 -3.446035537598725156e-03 9.580552249221238603e-02 8.583628363492364077e-02 -2.642090124467402421e-02 -5.088804812448258566e-03 -1.474960723084731695e-01 -2.725081158761705896e-02 -8.422106037464438533e-02 -3.339570406357834920e-02 -2.860740425847549569e-03 -2.501910590912860728e-03 4.368959612988212657e-03 -1.612978841608779870e-02 6.185749850247772297e-04 1.448432202172005544e-02 3.585560757809435478e-02 3.007283062798364603e-02 3.850350465722462284e-02 2.630698886496472128e-02 -8.306298106417055876e-03 3.732908289946432201e-02 -5.271801978202406841e-02 5.609068069953474650e-02 -4.595530243888016134e-03 1.112092723136890171e-01 -6.396636162102667909e-05 -1.262532564319161221e-01 2.551423994232515473e-03 -8.973064533826173583e-02 -6.273652896289563796e-02 7.227551774056506853e-03 6.047154443749518105e-02 8.842360637020091341e-02 1.049715229233613989e-01 -2.348173175310253047e-02 2.306813480854979712e-02 -1.186185002476509431e-01 -3.235042254402602929e-02 1.943958933459000171e-02 2.333479209280887520e-02 2.853761734442215176e-03 -2.008941963314027704e-02 7.942029489352482596e-02 -1.480807627772515178e-01 1.536990083840040766e-01 4.973752715428496340e-02 -2.824895699910638658e-02 -1.977965012767947950e-01 -3.580022581256913673e-03 -9.173687921680069579e-02 4.461965774472620612e-03 -5.615437444510070278e-03 -3.170616108700053531e-02 -1.974884267419057485e-03 2.856190179594787076e-02 1.330962667745998890e-04 -2.128712972610371200e-03 -1.149426276527714189e-02 -4.043823288961253463e-04 -7.490064960524180429e-03 1.113919682247633755e-02 -1.191227970476229541e-03 -1.520189665295082308e-02 3.050132259629681139e-03 1.040016736249104595e-02 2.383910733956893027e-03 8.891425127379788684e-03 -5.382645913054767998e-04 -6.662188042616736840e-03 6.944059947489240100e-04 -2.591788064475240502e-03 1.604874750731201654e-03 -3.858908132439241301e-03 1.848540006132558299e-03 7.443962045379474632e-03 5.018995140850654978e-03 5.452219575971478313e-03 -6.207265835046899688e-03 6.951832503709502731e-03 3.384537955632208744e-03 1.540704517413474597e-02 -7.203721557103083019e-03 5.038183535730408717e-03 -1.021527842227176221e-02 -8.385643548843548650e-03 -7.643339773852899158e-03 7.164073694612335501e-03 -4.771921152580387709e-03 1.545577223728138248e-03 9.254149995527326950e-03 -8.116258601907457362e-03 8.503938881566648622e-03 -2.903980987410249501e-03 -6.751251980534634170e-03 -9.435147751080945333e-03 4.571620651604471099e-03 1.115951110853401727e-02
3.808910979782408751e-02 -8.822250669993175753e-03 -1.195865738127086138e-02 -1.839008295581251104e-02 -5.223069655056322008e-04 8.919621531082444488e-05 9.929625562801360772e-01 -4.742211051697078905e-02 -1.671362692999237226e-03 -2.573986244252098321e-01 -4.035718998924863604e-02 -5.193350344558261139e-02 -3.618882525194429267e-02 -2.768351415782413765e-03 -3.730773865494883823e-02 -1.841328129988870424e-02 -1.913136522365997683e-02 -8.507406891838405552e-03 -1.037405731015829738e-02 -1.235720243687164245e-02 -1.860102897475604880e-02 -1.697630591551733611e-02 2.323090644028891205e-02 -1.768808789123912668e-03 1.609442397041235817e-02 -2.686795863294474604e-03 -9.478911068858064670e-03 -1.479986380920305907e-05 -5.573496743338378530e-03 1.146757932523234831e-02 1.934468005938799751e-02 2.715548851828025398e-02 1.722010074749930758e-02 -1.676704407680408918e-02 2.586901954277205824e-03 -8.393054733323739025e-03 8.462098375974064744e-05 1.277965295088999940e-02 1.217517330593854141e-01 7.889862175267937927e-02 -3.035855215628733422e-02 1.855902199699547422e-02 -1.959628011900122618e-02 -1.199888440689085567e-02 -2.894596591148689349e-02 -2.738238581666643107e-02 -9.125549596613703046e-03 1.932586483282254519e-02 9.727027670264129858e-03 -5.402129630524556830e-02 4.416804117739056568e-02 -1.932717559654997461e-02 -3.734802671480882269e-02 -9.475634384199443233e-03 2.552663621983027042e-02 -3.928516119422444976e-03 -3.017261996089264098e-02 2.530662694113633426e-02 -1.250135177679390086e-02 2.185509983129904285e-02 1.604731063893072296e-02 5.247892200027500648e-02 1.349804286174569740e-03 -5.821753470089905541e-02 4.477011589983128682e-03 -4.990462568510354441e-03 -8.009406632295847789e-03 3.512485462523568577e-03 -2.691399130662874319e-03 -6.667616802369344918e-03 -4.241937615627164142e-03 -5.061541020600909997e-03 1.552955169386101243e-03 7.790947520314680554e-04 3.422209901764828449e-03 -5.411309832955311060e-03 -1.766068699884203522e-03 -5.363187890151102297e-03 -1.056965183528537841e-03 -2.831369845352508727e-03 -4.224991752957311941e-03 -3.141968312603595978e-03 -3.585729653477009657e-03 4.261306206549191240e-03 -4.673808473004760142e-03 -4.769335627849105586e-03 -8.509276371767533070e-03 5.777340140810509686e-03 5.580970861265883466e-03 -1.945418454913541012e-02 1.410936166588944683e-03 -2.645305555512093496e-03 -4.362053010824076295e-03 1.514798724792563132e-02 -2.433721822767718774e-03 6.957838546476501247e-04 1.062006285737244517e-02 -2.983480131057250281e-03 -8.455211695271478214e-03 -8.080440993741073302e-03 -2.693762445892068213e-03 -3.856723723601104218e-03 1.247873986434501134e-02 2.361555793195187040e-03 -4.163608273253295924e-03 2.404146529059484391e-03
5.147399627134628675e-02 -1.178400840956913935e-03 -4.548747728994866069e-02 -1.431811881679073521e-02 8.195041230764336590e-03 2.725293366392154623e-03 -4.742211051697078905e-02 1.002628575353796458e+00 -2.919430073582557784e-03 -3.953977231309065421e-01 -5.347343254385512196e-02 -7.715985630733790401e-02 -5.399829911023405760e-02 -4.835580219259481144e-03 -6.102812392083531434e-02 -1.790746666740170370e-02 -2.572216273552947394e-02 -8.341066772358639997e-03 -1.175995286112094251e-02 -1.606791252003204537e-02 -9.837414026820187618e-03 -6.663509621972272048e-03 1.352609785266912362e-02 -2.905517072046624565e-03 3.831778799929796281e-02 -3.783252727906647253e-03 -4.219011455043897296e-02 1.222199610581882201e-01 3.784177326253152646e-03 -1.551535689136204245e-02 -1.993162223238500660e-02 3.445977319335128547e-02 -6.820862833337286782e-03 2.936131014682055729e-03 -3.726846967861218059e-03 -3.275441150445414923e-02 -6.868723947906404384e-04 1.648273310781247364e-02 1.725134343380875165e-02 -3.337357406190267183e-03 -4.363276874024581142e-02 -2.550495658436195343e-02 -2.508932435651483814e-02 -2.381083376385115941e-02 -5.869424517328150626e-02 -3.472664474015404058e-03 -1.586027918573843995e-02 1.615245674706141665e-01 2.381950014417632544e-01 -9.112823190274429996e-02 -1.859264376955657022e-02 8.902105048106945945e-03 -6.110542119159247804e-02 -8.124812161706056884e-03 9.236741991601497229e-04 -1.365809552817747602e-02 -3.013704294233061562e-02 3.582020624688490168e-02 2.757573721195786740e-02 1.929727830125861285e-02 -2.205821114610794290e-02 3.627171758295940490e-02 -8.010043581853715927e-03 -2.274902977736727519e-02 -5.772564498161348104e-03 -3.209757559569678502e-03 -6.395713064890421948e-03 -1.068427422992789845e-02 -4.994570387142708776e-03 -2.298684080724171762e-03 -2.083731992427142327e-03 -1.951976668172146967e-03 -3.982086781129399143e-03 8.810091433044257066e-04 1.502832591305798549e-03 -3.641475713895031118e-03 -4.587241440825141729e-03 1.869161660468892944e-03 -1.846239572325280437e-03 2.211716973154525135e-03 -6.251292984889734311e-03 -4.920965024912727498e-03 -1.045090685285365514e-02 -6.316586033352764029e-03 -7.147541731602956479e-03 -7.170637834747101841e-03 -4.807256110762838340e-03 -8.306156242537053244e-03 -6.279477677497000664e-03 -1.823680982763856151e-02 4.519640969680126241e-04 1.796054750755052363e-03 -2.898667153752265864e-03 -3.777686528185128598e-03 -4.568369373426892782e-03 -3.965147847319364441e-03 9.483390316514468460e-04 -4.402028293062859240e-03 -1.315351852646173651e-02 -3.715803171058789690e-03 -4.253831369394627318e-03 -3.382177247301292392e-04 3.314969187055910593e-02 -5.422089462653952203e-03 4.329013393318112066e-04 -1.149643180004912210e-02
-1.443716155400813148e-02 -4.362994704303253010e-04 -2.969663171604902153e-04 -2.411398085525292613e-04 -1.568540758463283710e-03 -1.353030441385338553e-02 -1.671362692999237226e-03 -2.919430073582557784e-03 8.333223441301889078e-01 -1.857514189607818028e-02 -1.297428069788687625e-03 -3.251803285746853421e-03 -2.309736079330975116e-03 -3.102842344855291103e-04 -3.397120386047044593e-03 2.617217542709469186e-02 9.714851216839648709e-03 -1.689115919290918710e-03 -1.073088451215159457e-03 -1.462145015666412810e-03 -2.106104155844462037e-03 -1.888906580415877778e-03 -2.188621444525002280e-03 -2.426381534895002013e-03 -4.096770486790021065e-03 -4.890559715739428931e-04 -4.025995819717746900e-03 -1.647320008053122266e-03 -6.246924290595755628e-04 -5.627176309404741420e-04 -1.053347865641518152e-03 -5.615744940802562361e-03 -2.337973971432842667e-04 -3.268000798688481742e-03 -1.631996273723951632e-03 9.875470066155083923e-03 -2.631032375014234672e-03 -2.551495960550557041e-03 -4.932121660546106776e-03 -2.141479080130395489e-04 -4.651216121340156356e-03 -3.046430051495597861e-03 -2.496673000842893064e-03 -3.077132837886915450e-03 -3.490917758901105651e-03 -5.028228431638878324e-03 -1.007719262125277015e-03 -3.323413553397763266e-03 -1.519203490681742420e-03 -4.065060185370874581e-03 -1.869062979076919475e-03 -2.877584403255240269e-03 4.781856329238982212e-02 -7.175873319169606690e-03 -8.208649947638091415e-03 -2.610930273300704572e-03 1.968778702641358486e-02 -5.060201014739458200e-03 9.304459361820640456e-03 -1.339785649337309203e-03 -2.096747816791374053e-03 3.615793130564788540e-03 -1.304777827660360840e-03 -1.282633359804186699e-03 -2.239444131356396945e-04 -6.598283380387972566e-04 -5.154649365590473122e-04 -6.687546877365198881e-04 -6.766193140491030692e-04 -7.011093796617072363e-04 -3.356929565856630682e-04 -8.196294245101645379e-04 -5.578714061383142084e-04 -3.076039595687637919e-04 -7.113402161828566396e-04 -3.386449795012083110e-04 -6.825567150865039694e-04 -4.928335845550679004e-04 -1.184674860927412566e-04 -2.649528926857161936e-04 -2.596263476168653573e-04 -2.446498334804910000e-04 -5.503683885493344981e-04 -3.395110151338725851e-04 -3.312129792864363926e-04 -4.976635762282474859e-04 -7.487329219880192429e-04 -3.832409575052032414e-04 -3.706161565114680554e-04 -2.122079067835192130e-03 -4.910352202769049153e-04 -2.964929252092735946e-04 -4.543533842303046962e-04 -8.094408188645464035e-04 -5.339142720291840342e-04 -4.200039781528827035e-04 -8.224949904311073569e-04 -1.809991367832085860e-04 -6.414837848021946775e-04 -3.822967211107674125e-04 -2.163552896807212757e-04 -3.420772376855545451e-04 4.291453929602474619e-03 -6.904336448820116772e-04 -2.223696939070370668e-04 -1.592255995672373862e-03
-1.787287619298676411e-01 4.258460309197199117e-02 -1.714585700600284798e-02 -2.174977164265174193e-02 -1.114418639870503810e-02 -3.446035537598725156e-03 -2.573986244252098321e-01 -3.953977231309065421e-01 -1.857514189607818028e-02 9.882193493574139564e-01 -2.712655532347799658e-01 -4.360152870955594784e-01 -3.062342417665414596e-01 -3.076682313283895728e-02 -3.715273620730431547e-01 9.191980441587428718e-03 3.214721305301667525e-02 1.440212762877053285e-02 1.701305784010836639e-02 1.921489043653048373e-02 -1.910834029659911129e-02 1.215524519647015467e-02 -3.953932172381718554e-03 1.276187712413957842e-02 -1.850551011335665672e-02 -5.536654352406767537e-02 5.544228158890057018e-02 -7.733125650159609898e-02 6.386719735497314865e-03 -5.980959738495729427e-02 -2.683772970989871040e-03 -4.201671425144518253e-03 -4.506472789169531021e-03 -6.255879078732064225e-02 1.461896368163654366e-03 8.211084409074839718e-02 1.092353376279182192e-02 -4.577397984682764903e-02 3.617602895805763913e-02 -2.123424292255820037e-02 6.677103370259898640e-02 -1.382241883592755932e-02 -9.679440957134580192e-02 1.002924848437838773e-01 1.375662405813033728e-01 8.519430655128358565e-02 3.969664985497346060e-02 -9.973378311814518060e-02 -1.251091850117694027e-01 8.665412848146294977e-02 3.724524506322751671e-02 4.562740513542336285e-02 -3.720472314387034962e-01 -5.604718186388824019e-02 2.120534337685083676e-02 2.875056753553466987e-02 4.578483276712578404e-02 3.744718727619860375e-03 -2.097662483798132943e-02 -2.115938316894535112e-02 -3.637963884428314573e-03 -3.291036301898472589e-03 1.433718018437590142e-02 6.716485699250647305e-03 5.134758412201883421e-03 -6.366067620061536397e-03 -4.210510479519985125e-03 7.193605512483557812e-03 5.204404970048059388e-03 1.239000409520832520e-02 9.357363605075372237e-03 1.477222683211729462e-02 2.346589405141513707e-03 -1.176842977376972100e-03 1.108660783946800732e-03 -5.650820979868943772e-03 2.092240254974217159e-02 8.762844790253647778e-03 4.621200231766802585e-03 -2.963191532190653527e-03 6.648674464967316636e-03 -2.721225622973620899e-03 1.262453570158315278e-03 -4.078593171477580548e-03 1.517100686383768791e-02 -8.656075252145718421e-03 1.696025971523089371e-02 1.420404145703193545e-03 8.883239016753394918e-03 4.507018053839503824e-02 4.496558109902988945e-03 1.324405652872446496e-03 8.952375395373947387e-03 1.446156339697642242e-02 8.601981145897623707e-03 1.313770955754832177e-03 4.770408864684215142e-03 2.788006030604250028e-04 -1.754802684736420093e-02 -1.432041795928763218e-02 -1.321893913590134733e-03 -9.629478544691911709e-05 -3.904738819126937072e-02 1.074424986615331139e-02 8.115112323945180423e-03 5.370548943192492153e-04
6.699707244252191274e-02 -2.265194754311823308e-02 5.278872816897120512e-02 6.860772931770453553e-02 9.393205768542477879e-03 9.580552249221238603e-02 -4.035718998924863604e-02 -5.347343254385512196e-02 -1.297428069788687625e-03 -2.712655532347799658e-01 9.648792388052699343e-01 -5.818051650400443697e-02 -4.023745558346399770e-02 -2.148987080372510069e-03 -3.441609865625459147e-02 -1.134084699787563013e-03 -1.172768150414746011e-02 -3.818075385738795707e-03 -3.419850885490985544e-03 -4.811364062922273560e-03 -2.678644263980800751e-03 -7.206698970755685135e-04 -6.843329430597505777e-04 -1.098742453122893321e-02 1.242405486181754476e-02 1.345786546255562516e-02 -1.041772369978970561e-02 -6.001407798331220844e-03 -4.326536156379841118e-03 5.879565209020153754e-02 -2.205633985838673095e-03 -1.169014523600341200e-02 -5.897476020452988715e-03 4.907327158676414586e-02 -7.077155113462793752e-03 -4.026461784485012296e-02 -4.926184786969414232e-03 1.754687346543870423e-03 -3.861312586550525588e-02 -1.483159749871335552e-03 -1.517722413765597127e-02 1.016069620749538438e-01 2.610433453528534023e-02 -2.600785232752024501e-02 -3.077062032350351417e-02 -2.435977780161604003e-02 -7.188875519671379666e-03 -1.661030288897459919e-02 -2.368573121409812965e-02 8.064338060775318173e-02 -3.195423808513485342e-02 -1.593730587296095236e-02 -3.443824556364868950e-02 6.059111169411320746e-02 -2.085191187633231302e-02 -1.317188830273606157e-02 -2.217355388588220649e-02 -1.778444921708656826e-02 -2.276118597059979473e-02 -1.088537585503321185e-02 6.033838550861334547e-03 -3.524288932833597593e-02 -2.820768774319790985e-03 3.025020648859887834e-02 -4.624455133910659876e-03 4.854858410426177509e-03 -5.140700343216915609e-03 -4.984708839936564766e-03 1.676083348460485206e-02 2.631158982118165634e-03 -4.264795884993364226e-03 -4.454600517466905663e-03 -4.920339835045679441e-03 -1.248397038577602966e-03 3.253162058289385886e-03 1.160410609132622554e-02 -5.421186002268861895e-03 -1.548942112076698817e-04 -8.204899532834356805e-04 6.653042671268111913e-03 -4.767429188784684177e-03 6.267940221181260430e-03 1.042034649688580381e-02 -3.761349331600588770e-03 -4.967828352501530223e-03 1.322933330567560399e-03 -4.024798201804926506e-03 -1.519917761052693491e-03 -3.245023324790928185e-03 -6.990721525303388549e-03 -4.330366929230453424e-03 -2.053470318121815730e-03 -3.626453248621713896e-03 -1.307439145645320801e-02 -3.114599217949264552e-03 5.575571889662265385e-03 -8.578543590884245285e-03 -3.382769057915484354e-03 1.438784513930282255e-02 2.077219557852119647e-02 1.236393378993550993e-02 4.310748468762975148e-03 -1.099130029559459987e-02 -2.089564671478684639e-03 -4.931029874295084214e-03 2.944804589168319511e-02
1.263660298586886110e-01 -3.882159310188457862e-02 1.003485192878609267e-01 2.424517044579995242e-02 1.173904431273476573e-02 8.583628363492364077e-02 -5.193350344558261139e-02 -7.715985630733790401e-02 -3.251803285746853421e-03 -4.360152870955594784e-01 -5.818051650400443697e-02 9.887453881022594260e-01 -5.939841608035524578e-02 -5.386104564638051657e-03 -6.764033265338381673e-02 1.487591967897507715e-04 -1.714832417222251354e-02 -1.560126324719873260e-02 -1.791185845726046312e-03 -5.827325953969069924e-03 4.408045449135707117e-02 -7.313817951902057413e-03 -1.137111343595793508e-02 2.410409762573441535e-03 -1.153502344723154362e-02 1.234085693945858458e-02 1.597107078071595410e-02 -9.268829662583400603e-03 -1.084379536469950132e-02 6.581791780315958407e-02 -2.031772178504831494e-02 -1.366718167497182022e-02 1.726864808512333952e-03 1.019349488355744404e-01 -2.369961899959244570e-03 -9.193769361312269239e-02 -1.617946735595610086e-02 9.261265735927514103e-04 -8.323329161651708830e-02 -3.717311086625006700e-03 7.294853693780210813e-02 2.096784676202337327e-02 2.365482970799334672e-01 -4.910752776728794650e-02 -5.459856235400944308e-02 -2.799922183587560606e-02 -1.765948887726910901e-02 9.799740060444117953e-03 -3.943973779516045386e-02 3.591215875013388514e-02 -3.230544920265723124e-02 -1.142848801580789936e-03 -6.772699189851622004e-02 1.056326963436404198e-01 -2.980035595036295212e-02 -1.377386969384390702e-02 -6.783824916164683805e-02 -3.640287647364363194e-02 -3.247233877378311474e-03 9.196513634849811086e-04 -5.907023864807050585e-03 -5.568024912605890053e-02 -1.473330599871889093e-02 5.303170650311945372e-02 -1.052016686503884357e-03 2.185068886867459325e-03 -3.039710747065106546e-03 6.313624514456460390e-03 2.015673468669195410e-03 -7.167961250013807004e-03 -3.204013285809237735e-03 -6.901020880725185387e-03 3.508486118552487602e-03 -8.916304521274522575e-04 -9.823784869124874836e-03 1.912145150075163225e-02 -1.240083673296726342e-02 -9.751901769030785552e-03 -2.056431480200423753e-03 1.072000642609454400e-03 -6.871428824566216259e-03 1.380287826428257605e-02 -9.962133458305386016e-04 1.783368913384972623e-02 -3.282651703752091470e-03 2.103598792932897046e-02 -4.393577531438082849e-03 1.984295519564091038e-03 -6.973474281493002858e-03 -1.824621378963156917e-02 -1.275124347806568144e-03 6.819831559250133990e-04 -2.398309074455530661e-05 -1.538639061943687311e-02 -3.291369077680307217e-04 -5.140431430225568706e-03 -6.251776652499017178e-03 1.262275678861706201e-03 3.505348310352671831e-02 -8.952858648052288218e-03 4.024395107462511601e-04 -1.555133566136012845e-03 1.241726450902651963e-02 -7.349926563825470369e-03 -7.317957631515349497e-04 -3.872988003446885957e-03
1.174831679885179198e-02 -9.877894587900762705e-03 -2.454100655009188239e-02 -1.331579735328083762e-02 -2.054444114460219836e-03 -2.642090124467402421e-02 -3.618882525194429267e-02 -5.399829911023405760e-02 -2.309736079330975116e-03 -3.062342417665414596e-01 -4.023745558346399770e-02 -5.939841608035524578e-02 9.887538304114297238e-01 -3.825717285710138020e-03 -4.777999845086411401e-02 -2.132861634910536430e-02 -2.631201844928351963e-02 -7.677089138309453088e-03 -1.146597046627624399e-02 -1.231235147361765120e-02 -1.827398163616110807e-02 -1.776733147675776947e-02 3.282757469003690781e-05 -4.973433371804108528e-03 2.084677956115290470e-02 1.061914488294986858e-01 -4.949517818208527820e-02 6.593243392807522640e-02 -3.502461641000582590e-03 7.515027166704814528e-03 1.246123266067741125e-02 1.718177469276061659e-02 1.088550922049054490e-03 -8.012190954418388703e-03 3.788532387254714244e-03 -3.399001416026861417e-03 5.622526085686517863e-03 -9.981085493762366714e-03 5.073963289848913011e-02 -2.640383436632945564e-03 -5.118223755000872455e-02 1.373765267644940988e-02 -2.137929815535052208e-02 -3.583368882503140673e-02 -4.176575339902511425e-02 -4.549093832603048719e-04 -1.253833667137677250e-02 1.108580736077481865e-01 1.023505738722143010e-01 -6.714510880936631898e-02 1.896761034874286031e-02 -1.777754258902636275e-02 -4.784199456666514416e-02 -9.121166064606419169e-03 1.788199153583209383e-02 -1.460780123416404765e-02 -1.742759370605417163e-02 1.600139685816527602e-02 2.753164608828745884e-03 3.578807465059251347e-03 1.599592953917673005e-02 2.042942163585547213e-02 -1.256508750612780369e-02 -2.272750277933241123e-02 -4.425034863509879485e-03 -4.455332066811533084e-03 2.196144294539696673e-02 -4.286460029005362965e-03 -1.194406560502832629e-02 -8.991755055367093435e-03 -5.189161000530066736e-03 -1.123876508506594513e-02 -1.224041085983186648e-03 -7.310631814731872839e-04 -3.409072106830035348e-04 -6.188250165545500225e-03 -8.791381323084799387e-03 1.945346821756409805e-03 -1.460670762377173394e-03 4.889658034096598660e-03 9.155189326130803995e-03 -3.824330485404620061e-03 1.935143235210368823e-02 -2.875080563690042904e-03 -5.531320338726533094e-03 -2.621864416945197777e-03 -3.337715392447586360e-03 -7.877788541701636824e-04 -4.936740331168514712e-03 -2.408063065446609807e-02 -1.093417906409072105e-03 4.317638095869722262e-03 -5.861722967609543471e-03 -8.628236312113990100e-03 -8.660901617344323594e-03 -1.365668686435059839e-03 -4.067750951756779476e-04 4.959845392232126171e-03 -1.021019005530891637e-02 1.033339713701360990e-02 3.671302487512461809e-03 2.463868340629276656e-03 2.090379807853199462e-02 -5.336768891466924999e-03 -4.577492875381753909e-03 -2.668144767493761151e-03
2.274146926213856459e-02 -3.584984942202622173e-03 -1.191189295300979899e-03 1.109244502155784951e-03 -2.598042930829258784e-03 -5.088804812448258566e-03 -2.768351415782413765e-03 -4.835580219259481144e-03 -3.102842344855291103e-04 -3.076682313283895728e-02 -2.148987080372510069e-03 -5.386104564638051657e-03 -3.825717285710138020e-03 9.522831773374953457e-01 -5.626799658560378142e-03 -4.182353751938896330e-03 -4.810335104878865793e-03 -2.797756864006989419e-03 -1.777403519668489980e-03 -2.421814990335016682e-03 8.399919580292087434e-03 -3.128678908576439533e-03 5.619252613431422773e-03 -4.018922275507608340e-03 -6.785660841138398298e-03 -8.100448795301010921e-04 9.521429505510974750e-03 -2.728528461019856001e-03 -1.034705499684270436e-03 -9.320539203274597105e-04 6.289777251890743374e-04 -9.301604925522708595e-03 -3.872488946283768893e-04 1.308743279343534301e-02 1.190737605309799205e-02 -1.024786013857915089e-02 -4.357894447952447882e-03 5.259243277187552676e-03 7.316581775327381243e-03 -3.547025829984473493e-04 -2.729231529470243622e-03 -5.045935859077079963e-03 3.414975775160416366e-02 3.070041537937526037e-03 1.049989711622842338e-03 -2.860947346988800075e-03 -1.669129661501804821e-03 -5.504715795266822316e-03 -2.516323447869533991e-03 -6.733137676541603271e-03 -3.095811080372060532e-03 2.917440406220491150e-03 -5.636452951781044732e-03 1.533971318472778823e-03 -1.359634733943666275e-02 -4.324598454226360328e-03 2.608245167674065525e-03 2.360688245227923147e-03 2.004408744312313057e-02 -2.219145799245523989e-03 6.009440016436748237e-03 -1.836386534224517886e-03 -2.161160807055691017e-03 -2.542955803516129890e-04 -3.709289645850241831e-04 -1.092902648498530679e-03 -8.537872078187315732e-04 -1.107687753448164314e-03 -1.120714279335778985e-03 -1.161278250337138569e-03 -5.560229838357328086e-04 -1.357588204680720790e-03 -9.240269053963203003e-04 -5.094979447241566829e-04 -1.178224034089214375e-03 -5.609125490090789744e-04 -1.130548657376091379e-03 -8.163019057811784314e-04 -1.962228989689020783e-04 -4.388531098931037393e-04 -4.300305194132838962e-04 -4.052242614499724387e-04 -9.115993279163185810e-04 -5.623470018540328115e-04 -5.486026007234020424e-04 -8.243020330681176443e-04 -1.240159214578864886e-03 -6.347788255288908110e-04 -6.138678133041466142e-04 -3.514892737794781796e-03 -8.133231960636710684e-04 -4.910942506432621922e-04 -7.525654603672196760e-04 1.990346718189359848e-02 -8.843456522453801332e-04 -6.956710308435688295e-04 -1.362334567338012925e-03 -2.997968176911918435e-04 -1.062517759488112177e-03 -6.332148453285804625e-04 -3.583587661777571710e-04 -5.665975489460013496e-04 1.682899711692174881e-03 -1.143595562062438330e-03 -3.683206879826113073e-04 -2.637323519524065706e-03
